Ref: 5188 - 2025-12-04 08:12:57.275162
Ref: 8669 - 2025-12-04 08:12:57.762941
Ref: 2190 - 2025-12-04 08:12:59.605442


